Doe, John 8 4 18 4 2 10 4 9 17 17 18 0 0 0 0 0 0 0 0 0 
Smith, Adam 14 15 4 1 14 15 13 16 14 17 9 20 3 12 2 3 8 14 2 2 
Randal, Bob 3 10 4 14 0 0 0 0 0 0 0 0 0 0 0 0 0 0 0 0 
Delony, Danny 8 1 12 17 17 12 2 9 1 8 10 6 1 16 0 0 0 0 0 0 
Cooly, Carly 0 1 7 3 20 20 18 20 15 0 4 8 8 3 16 16 16 4 10 7 
Genuis, Gina 15 1 1 11 1 17 19 1 13 16 5 20 8 6 17 8 0 0 0 0 
Chapelle, Dave 4 7 9 8 6 9 1 4 17 1 2 0 0 0 0 0 0 0 0 0 
Jackson, Michael 11 19 7 17 17 13 0 0 0 0 0 0 0 0 0 0 0 0 0 0 
Sleepy, Adam 8 16 3 15 14 13 10 9 9 9 9 8 7 4 14 20 6 0 0 0 
Duck, Donald 4 20 5 6 15 18 3 10 2 12 18 0 0 0 0 0 0 0 0 0 
