Doe, John 17 14 14 17 7 6 15 20 2 18 16 0 0 0 0 0 0 0 0 0 36.5
Smith, Adam 5 3 16 14 8 0 0 0 0 0 0 0 0 0 0 0 0 0 0 0 11.5
Randal, Bob 15 20 4 19 16 2 0 0 13 1 18 7 20 10 7 9 7 11 9 0 47
Delony, Danny 3 1 18 16 3 7 0 6 5 1 0 8 0 0 0 0 0 0 0 0 17
Cooly, Carly 4 14 4 12 17 1 17 10 9 3 18 12 11 2 8 20 8 4 16 0 47.5
Genuis, Gina 20 5 11 20 20 4 3 8 18 0 7 0 0 0 0 0 0 0 0 0 29
Chapelle, Dave 19 6 12 5 9 8 6 16 7 7 8 16 5 16 0 0 0 0 0 0 35
Jackson, Michael 13 6 10 9 13 9 17 15 17 0 0 0 0 0 0 0 0 0 0 0 27.25
Sleepy, Adam 10 0 0 0 0 0 0 0 0 0 0 0 0 0 0 0 0 0 0 0 2.5
Duck, Donald 13 20 3 16 9 0 0 0 0 0 0 0 0 0 0 0 0 0 0 0 15.25
